326.8788
333.692
308.6485
315.5203
328.5923
333.7554
299.1969
331.2789
291.8192
338.98
340.9017
341.4741
338.2658
358.3646
369.4064
316.0026
342.4856
363.5029
383.4609
364.2821
383.7134
325.9715
349.2179
332.5591
338.4845
324.1545
318.6736
321.4461
323.5358
312.7533
331.8751
324.3496
327.7906
325.5458
321.7837
324.0321
330.0457
333.5918
339.3286
346.3238
330.0445
358.6346
423.1332
355.4455
350.0335
338.963
336.8365
333.3177
326.2118
343.2796
337.0038
331.1393
334.5443
323.0376
327.9154
330.2825
319.9895
318.621
317.4854
321.3747
325.3624
321.0522
315.3904
318.0451
315.0038
372.9205
372.9633
350.0324
345.4055
350.9367
337.1457
426.3311
329.2708
332.9588
396.4203
362.7268
364.0518
358.7108
345.126
339.4269
337.4533
332.5866
362.1268
369.0205
375.9063
365.7568
374.979
356.8314
343.0123
330.9322
336.9965
329.3204
331.9706
324.5709
326.635
346.8685
369.0453
388.8684
367.2216
381.577
362.3483
354.3446
364.896
342.8817
346.5389
351.3676
340.7079
360.1294
368.845
343.459
349.0835
338.4038
300.1877
311.0398
309.2291
315.4222
346.2065
364.892
384.6127
406.0825
349.0123
333.2369
327.84
330.6602
339.7249
341.1568
354.9467
349.5163
375.4435
361.8924
356.1456
377.9335
362.3568
398.1935
428.9769
385.9431
365.95
367.5704
375.4472
363.58
356.9121
368.0934
362.9813
356.0423
359.0522
392.4527
380.4337
409.2662
335.5469
346.0059
345.5478
407.0838
419.5789
474.8274
428.685
399.5085
380.359
376.87
399.5811
386.8807
352.6794
382.2303
355.5582
409.1821
375.8586
292.0889
363.5912
372.002
368.4489
350.5277
657.0901
361.5949
415.6069
376.8397
320.9332
362.0028
350.2942
341.6504
370.1287
355.7617
343.2159
356.0445
350.6002
395.1547
381.2552
381.2426
374.0208
376.6978
379.7099
371.2068
378.1739
446.3293
451.4907
438.3845
414.9436
403.0877
378.2088
374.3075
360.9793
391.1816
383.0649
370.6777
317.0087
355.3422
351.4865
365.9075
371.7157
360.6192
385.2585
408.1065
442.0468
426.2929
516.81
448.1824
432.6943
409.6593
400.0872
382.8131
369.0988
433.1859
502.5376
508.7928
430.3992
423.4661
404.5741
404.3758
370.5899
461.6524
474.8289
534.7006
487.5702
441.1765
416.678
320.92
350.5876
344.0977
348.9741
384.5347
368.3004
366.4333
383.9401
407.6336
470.0553
460.0399
447.0128
451.4599
438.0833
408.7773
408.0704
332.203
377.3161
356.4199
431.7647
440.5981
443.8576
432.4287
412.3203
324.3323
452.9805
412.2286
395.4929
388.7315
429.6338
403.1756
441.1347
457.7329
434.7225
500.672
406.9789
425.7183
401.1041
390.793
389.6508
389.0868
403.5545
431.0139
418.4675
473.3493
418.1309
469.5735
442.7594
339.5382
401.5619
417.1603
469.7604
445.0193
445.9136
480.3827
375.2296
394.7408
414.0601
411.4694
309.2083
394.0471
396.3719
448.4831
421.6802
470.4056
472.3915
401.579
440.2213
354.4723
406.9854
419.2201
450.0024
447.0614
468.4541
460.0969
458.0558
439.1163
429.7209
430.9318
429.8693
430.5067
432.1607
484.9486
445.2806
570.9762
506.7361
522.8407
512.7152
344.1354
465.1346
450.3678
444.1796
430.6945
476.0432
513.6238
599.5865
588.0136
506.6811
502.4298
330.8682
440.777
444.2424
444.3955
433.8728
425.2699
462.409
419.1885
478.1164
522.9021
479.6917
478.8893
476.4936
467.0816
497.9015
448.4157
372.1473
453.9887
456.5325
482.5006
666.285
516.8644
548.5598
470.3792
483.9101
496.0976
512.7263
562.155
525.2424
479.8438
489.483
347.7734
411.0213
446.2375
502.3805
472.7798
433.9335
484.6306
490.0005
511.6491
489.125
476.4828
486.6363
478.3153
487.214
507.3195
482.6857
475.2321
468.9156
488.8981
424.4539
529.1078
500.9919
473.0286
468.8873
325.7366
444.1888
445.1367
447.3681
466.1095
510.9938
482.897
446.5001
532.4368
588.506
481.5986
483.0121
344.1383
409.033
453.115
498.2467
471.6515
542.444
461.1144
475.6972
326.8367
455.8081
457.6674
433.6147
409.5527
499.9381
470.9392
457.0348
465.1431
477.0165
526.3468
492.8469
502.3031
345.7513
409.3289
468.9075
503.3366
448.3824
533.0529
490.2783
437.9388
359.9169
447.3411
437.7311
344.2041
375.9697
388.7981
397.9674
449.1259
491.8108
501.5675
546.3664
515.5101
490.7651
458.4536
489.2938
516.3423
530.5703
519.1419
450.6316
510.9584
548.6179
515.8328
377.3288
444.2745
482.6623
435.0306
539.0132
541.8307
467.4289
497.7527
503.6615
509.1491
512.1124
341.973
446.9819
495.691
501.0305
548.4034
522.5173
528.5233
519.6174
509.6785
537.3407
581.9689
536.3643
500.5417
501.1781
406.1724
455.8321
472.6616
501.1811
522.8599
517.7875
510.3429
597.3496
503.0021
507.9356
519.227
501.7687
533.0606
505.6225
531.3575
508.6428
492.4693
413.9777
436.7331
478.5505
480.3615
476.4461
529.2287
588.51
562.9767
519.6249
433.8331
439.0604
429.8965
363.2453
443.2992
448.0094
426.3038
408.4607
417.2539
542.8607
511.2087
513.0147
442.7083
400.6033
423.6406
466.4454
523.947
464.8082
444.5047
466.5319
522.9302
480.4096
595.1372
574.3077
535.9826
503.4533
360.3763
428.2733
448.566
482.1609
508.454
509.7238
547.4575
540.0457
513.6388
447.0978
540.1061
548.1729
368.5372
442.0432
483.3903
455.0159
448.2737
548.8614
529.4797
516.7189
506.5525
511.8152
527.5205
530.8177
524.2322
512.7305
520.4104
524.5852
526.6658
545.1075
524.958
525.3178
540.319
343.5137
475.0957
476.2676
547.0345
544.9274
538.5259
484.6049
533.6861
377.9416
494.9065
549.9442
549.5609
493.9643
540.5655
527.6276
513.964
472.0169
505.9609
467.3989
487.5839
350.7544
445.3105
515.9362
493.9398
473.1362
528.7452
518.9407
472.9541
379.0818
432.1478