68780
71181
68963
66061
67260
69461
65814
65635
60676
62991
63424
64929
62722
62509
65313
61230
63061
66374
68612
63995
66279
62982
64593
62000
65247
61931
60194
61880
64370
60436
63623
61079
62252
63575
60700
62605
64327
63551
64558
63833
61910
65199
69448
62939
65953
63437
64290
62401
62126
65011
62940
61883
64099
60607
61927
61852
60527
60059
59507
61664
62662
62101
59584
60532
59742
64714
66619
62269
64897
63482
62603
72606
62912
62255
97912
63907
62925
61843
63005
60838
61421
60015
63426
63581
64043
64408
64146
63831
62260
60222
62490
62111
60732
60369
60187
68766
65159
65056
64769
67116
64334
63487
68336
62644
62682
66566
63192
64207
67104
63249
65101
64811
61650
61594
60415
59692
65346
65607
65229
66785
65325
64148
61652
62340
63655
64315
64335
64250
66550
64760
64959
64478
62367
67990
69516
67001
65087
66435
66056
64920
65640
67650
69676
64419
64345
67299
65040
67027
62715
63228
63462
65877
70122
72225
69518
68455
65904
65761
67733
67348
64384
66606
66483
74501
66522
58286
67017
67066
67524
67726
127255
69220
72580
69888
64000
66869
67489
66879
70458
67192
65876
69885
74466
69445
68446
72722
71747
70758
74025
67844
71265
75498
76146
72818
73792
71684
67201
67981
65848
68502
71669
70707
64143
66964
65786
67705
70956
70712
70247
71760
72257
76790
82671
74655
77542
72137
71854
69754
70470
75961
81598
79989
72720
71553
71830
73833
72050
79470
81730
86698
78726
79427
74700
62491
68846
68475
67838
72623
69727
71019
73160
76021
79983
84601
78192
86777
80640
74494
75306
68510
72991
70627
81562
79998
80842
78084
77848
71575
94898
79516
77239
75718
80747
79033
81138
83458
80345
87753
77031
91692
75711
81687
78718
78537
80119
80054
81191
84399
82497
84650
80921
72623
78092
79850
81484
80342
81700
86694
75503
76365
79395
79202
69414
80420
80478
91798
83374
85116
85381
79830
86552
76514
81003
81452
82605
82982
85681
82627
83755
83547
81428
82685
76534
82939
83631
85310
84366
92584
88118
89576
88467
72775
82576
83454
80826
82187
84547
87440
96693
93642
85559
90929
83735
85931
87587
88722
84705
84013
87363
84357
89273
91797
85938
93954
92786
94120
101869
92970
85892
92210
90958
92851
112797
94133
98106
89947
92715
93152
92605
100129
97638
93816
99219
89690
91796
89162
96649
90347
89717
91924
93187
93047
96245
99381
95405
94842
91068
93656
90168
89588
88272
88593
81575
96234
92941
92461
91084
80772
88128
87866
89273
90512
95104
90944
86818
92923
111558
94906
94814
84457
82991
86757
86563
91071
94637
89972
89664
78896
89778
92747
90533
90836
94083
92526
95058
90492
92533
97096
99051
97959
91266
86674
92155
93976
89631
124770
99573
96553
94666
91200
92109
86150
82722
85642
89242
92224
93263
95019
95448
100622
99195
124221
100346
95566
100110
106319
96158
102304
103891
102577
93379
92182
96932
89173
102323
103465
94894
100763
101619
100332
99510
89359
90860
93210
93916
99880
99768
105457
101167
98872
102696
106951
101714
99609
98018
88600
93771
94081
95317
96862
95504
96171
120771
108191
100879
100488
98101
102331
95818
101013
97069
95871
87125
87238
90838
90378
89953
95313
100791
95889
96121
91356
89050
85824
85333
90391
91293
88680
89476
91299
97505
93767
98962
90144
87662
87878
89768
95630
94374
89706
92019
95436
96908
105855
119661
109019
104818
95815
95191
94406
95977
99642
99520
99720
102006
103259
86229
106773
105210
97034
91219
97038
93230
100434
98908
100729
100615
99420
99961
96078
95441
96367
94816
97813
97682
103322
103615
103243
103904
100803
92475
90089
90798
98625
95981
99211
113137
95801
82307
90371
96063
97275
95793
92418
95567
94527
94097
94923
105692
89668
85497
86218
91905
93321
90407
89180
99641
95266
85674
89531


