267.9079
271.5992
284.4867
266.5803
260.6211
264.9859
280.073
252.262
264.7361
236.5999
236.8834
242.098
236.0869
222.0892
225.1155
246.7083
234.4384
232.4878
227.8186
223.6755
219.9273
246.0067
235.5044
237.3739
245.4324
243.2575
240.5012
245.105
253.321
246.039
244.0897
239.7666
241.8059
248.6477
240.1789
245.9977
248.1586
242.5588
242.2366
234.6784
238.8352
231.4722
208.9742
225.4535
239.9027
238.2871
243.0157
238.3654
242.4844
241.1287
237.7946
237.9418
243.9539
238.88
240.4519
238.4396
240.8372
240.0015
238.6461
244.3037
245.215
246.2822
240.5422
242.3296
241.476
220.949
227.4271
226.5029
239.2244
230.3201
236.4219
216.8381
243.2711
238.064
314.478
224.3256
220.0747
219.5109
232.4382
228.2122
231.7466
229.7551
223.0061
219.3749
216.9213
224.2113
217.8075
227.7606
231.1051
231.7001
236.0996
240.1375
232.9314
236.8179
234.6119
252.4172
224.8044
213.0074
224.5686
223.9515
226.0604
228.123
238.4463
232.6191
230.3037
241.2131
236.1511
227.0042
231.6405
234.4709
237.448
243.8505
261.4871
252.1347
248.7566
240.9539
240.3222
228.9264
215.9371
209.3991
238.3136
245.0982
239.4392
240.0463
238.5697
240.0316
230.778
234.0539
225.6907
227.844
232.2319
217.2233
219.1435
217.4007
206.3293
221.0386
226.4554
230.1264
224.0132
227.3467
234.1625
234.0022
244.4044
230.3682
228.1746
218.3391
217.6765
208.523
237.9734
232.6677
233.8384
206.0441
212.7898
193.6698
206.4758
218.1671
220.6115
222.1708
215.8269
221.6449
232.4385
221.8699
238.073
231.8225
225.3466
254.0734
234.6831
229.5447
233.341
246.0046
246.5813
243.7359
222.3537
236.1326
253.9074
235.1923
245.3071
249.2401
242.3749
240.4742
244.3824
249.9136
270.4307
223.7608
228.5822
242.8703
244.2407
239.1622
248.2199
232.705
239.9357
215.3725
214.7377
211.4919
226.4281
226.4294
226.2321
231.2433
232.2579
222.9641
238.215
242.8713
257.6251
239.9411
238.306
235.5914
243.0459
249.6631
232.1591
223.8819
208.1238
229.3542
203.6725
212.0871
228.1739
224.205
228.6685
232.0024
243.0926
223.268
206.7384
200.1702
215.1258
215.1391
226.057
232.4746
247.543
219.1786
219.1566
206.447
205.5849
229.2271
228.2602
247.931
250.0301
253.3731
247.5084
240.4633
241.051
246.7685
242.6165
237.4508
216.6501
234.1478
222.7166
244.7347
234.371
232.0303
234.9658
262.5793
246.3055
252.301
240.5198
231.1781
231.9015
229.9099
240.3936
280.9838
266.7397
245.5989
248.6612
248.0045
239.2974
249.5883
234.1872
232.1485
235.3189
223.1613
240.9926
274.2327
240.3322
266.1437
257.2223
257.0029
252.7804
236.4841
247.0337
227.0208
251.2095
229.5268
232.7038
272.3301
247.6077
243.7149
220.8544
229.8655
233.2821
229.7798
256.1989
246.3159
244.1406
245.0805
285.8288
259.852
258.5142
260.6137
251.7431
230.3821
230.1279
253.1076
250.3319
274.8329
253.4151
247.3829
233.7231
236.3343
232.8775
228.6561
232.8104
242.2487
241.2667
244.3027
226.6878
245.2952
246.3952
223.9826
241.237
206.4562
221.4078
218.1386
219.6925
269.2545
226.04
235.9337
231.6875
242.9651
226.132
216.758
205.3304
202.7652
215.0013
230.429
322.2272
248.2225
251.0324
254.1978
248.5746
251.5313
240.5533
256.2252
237.7369
223.5209
228.1042
249.7987
247.9337
256.5661
260.5006
263.9807
293.8651
258.6087
253.676
245.0185
215.5498
231.8865
227.7098
243.4718
243.947
239.0756
229.9635
226.7848
236.6842
248.9357
258.0877
328.3657
284.3607
254.4039
244.9484
243.3128
263.2459
241.5062
242.1413
231.5476
250.535
265.5622
249.6185
252.4623
237.9886
235.0521
237.8473
240.0237
239.6837
230.7232
244.7015
231.5765
236.2037
248.875
247.334
315.7217
252.6134
251.3261
254.0769
247.2454
236.97
239.7892
247.5702
222.2108
241.357
250.9103
249.9336
312.4732
258.3347
243.7846
221.2066
245.8493
222.1346
248.4327
239.9925
307.3507
250.783
258.024
265.8355
282.3959
239.6101
250.1549
264.8192
247.7044
246.9866
234.8765
255.8921
248.3068
336.0898
269.6041
250.2314
237.7215
254.5188
298.0231
258.5884
280.713
334.8898
259.5769
267.9198
318.676
280.142
280.4612
285.517
261.4484
241.4468
241.2077
222.4298
248.5226
257.3512
344.9926
261.1202
235.6546
240.2396
260.7564
271.6901
254.9278
241.1116
253.1927
315.0935
264.183
255.7019
260.9899
241.7041
243.1308
258.4838
257.7494
256.8895
250.9023
247.4068
332.703
258.817
239.4206
238.6633
231.8935
243.1088
254.0513
247.8936
246.9944
243.3402
233.9889
241.4521
253.3777
249.014
277.7368
261.923
253.4322
242.1507
235.873
234.8443
239.9342
257.4211
273.8618
252.8729
246.415
248.9316
244.4222
241.2853
242.0475
242.984
247.8667
267.9637
254.3313
241.6851
239.5547
240.3875
229.3078
218.061
216.8645
235.5258
268.1171
258.2378
254.1879
299.1074
259.6201
259.4541
264.8601
278.9115
278.5965
228.6908
233.5403
245.6115
259.2563
278.6166
264.1148
245.0366
232.3897
258.5168
256.9539
251.1344
232.3692
256.8373
226.4667
265.2883
258.9773
265.086
338.5224
282.999
267.9683
253.4459
249.5174
248.5911
231.922
240.4946
255.9648
245.5619
251.7054
244.3709
335.2376
262.7427
255.596
260.8791
285.2645
229.4451
242.223
247.924
249.8961
248.6724
231.8968
228.9284
234.0533
235.4521
239.3099
237.0875
249.7859
242.0196
250.4068
251.8374
237.5381
342.7602
241.4353
242.7367
229.5527
224.2626
234.5651
297.2535
228.5569
277.2824
232.4963
222.4066
225.3697
246.9155
217.6799
230.6166
234.1711
253.8215
238.8716
287.9152
234.1522
310.3544
246.516
226.8053
240.5556
243.291
214.749
244.4727
256.4656
287.7572
263.7857